home 0.072153 0.110018 0.350095 0.356879 0
team 0.003909 0.116852 0.365142 0.365414 0
news 0.004287 0.054743 0.281241 0.281354 0
privacy 0.009113 0.049294 0.158456 0.158637 0
activist-dashboard 0.004327 0.037443 0.192397 0.197159 1
risk-assessment 0.004140 0.068472 0.238412 0.238811 1
activist-screener 0.004097 0.058858 0.269222 0.269639 1
food-service 0.004407 0.072022 0.238651 0.238976 1
saas 0.043110 0.098169 0.260103 0.260259 1
ad-agency 0.004310 0.047861 0.225480 0.225790 1
digital-media 0.004115 0.047342 0.220320 0.220719 1
entertainment-sector-dashboard 0.004090 0.066703 0.234591 0.234833 1
news-activist-shareholder-proposals-japan 0.004881 0.068376 0.240181 0.247710 1
